0 1 945.8842423890991
0 2 1847.1559219513658
0 3 2355.6285785327022
0 4 3457.400468560158
0 5 3419.973830309232
0 6 2741.3007861232595
0 7 1833.9730096160085
0 8 2955.5793002387873
0 9 3243.303562727362
0 10 4000.4735969632397
0 11 3830.792346238569
0 12 3743.4756577277217
0 13 4432.836676440945
0 14 5041.480834040729
0 15 4750.179049256985
0 16 5094.848869201127
0 17 5860.940624166056
0 18 5619.962366422039
0 19 5495.663108306403
0 20 5488.670695168366
0 21 6725.474109681785
0 22 6317.873138960611
0 23 6143.861407942077
0 24 6072.13479758149
0 25 7003.11544956957
0 26 7161.947291065469
0 27 6694.974010405119
0 28 7052.492467206186
0 29 6052.089391276371
1 2 1245.0485934291883
1 3 1927.1183149978103
1 4 2881.031933179499
1 5 2674.4487282428877
1 6 1892.3955717555461
1 7 986.5343379730884
1 8 2010.1542229391257
1 9 2334.640229243041
1 10 3136.016900464664
1 11 2886.2524144641266
1 12 2864.004364521814
1 13 3547.409759246879
1 14 4100.209994622227
1 15 3818.852707293121
1 16 4185.034527934029
1 17 4926.483735891148
1 18 4677.403125667061
1 19 4555.011525781247
1 20 4595.478321132633
1 21 5852.173015214093
1 22 5398.467930811482
1 23 5206.4210356059375
1 24 5128.521814324279
1 25 6062.420721131122
1 26 6216.16762965736
1 27 5749.193334720968
1 28 6110.817703057423
1 29 5109.238788704243
2 3 726.7771322764634
2 4 1648.608200877334
2 5 1588.7712233043499
2 6 1103.4024651050947
2 7 1747.8775700832139
2 8 1925.9849428279547
2 9 1735.3411768295018
2 10 2296.6149002390453
2 11 2555.913339688965
2 12 3134.984050996113
2 13 3736.7464457733818
2 14 3900.3738282374934
2 15 3257.9444439707686
2 16 3481.1521081389133
2 17 4354.896095201354
2 18 4206.036851954581
2 19 4343.406957677348
2 20 4694.135596678051
2 21 5984.544176459892
2 22 5335.72431821585
2 23 5010.145107679018
2 24 4847.732872178499
2 25 5804.416680425346
2 26 5836.188653564927
2 27 5340.156739272734
2 28 5592.099158634439
2 29 4630.324934602322
3 4 1145.2370933566551
3 5 1431.6762902276478
3 6 1404.4742788673632
3 7 2469.547529406956
3 8 2457.6380937802865
3 9 2031.6663111839996
3 10 2330.292900044971
3 11 2918.890885250766
3 12 3716.7297453541064
3 13 4271.331993652566
3 14 4259.470506999667
3 15 3435.367374823252
3 16 3543.960073138522
3 17 4478.327924571849
3 18 4400.155110902342
3 19 4681.877080829868
3 20 5169.159699603021
3 21 6452.10942250672
3 22 5724.894496844461
3 23 5339.102265362596
3 24 5135.1569596264535
3 25 6084.0013149242495
3 26 6045.1604610630475
3 27 5541.604551030324
3 28 5719.035233323886
3 29 4806.265910246748
4 5 788.0310907572111
4 6 1491.7546715194158
4 7 3146.576711284821
4 8 2619.2000687232735
4 9 1876.832437912346
4 10 1693.937720224684
4 11 2710.82349111852
4 12 3860.671444192059
4 13 4277.491437747129
4 14 3931.240135122758
4 15 2874.328617260038
4 16 2811.444646440687
4 17 3777.8053152591124
4 18 3802.694439473148
4 19 4297.036769682103
4 20 5012.223857730219
4 21 6242.2998966727
4 22 5388.353459081912
4 23 4912.2423596561275
4 24 4648.485022025993
4 25 5556.2649324883705
4 26 5413.652094473749
4 27 4912.487455454721
4 28 4983.78209796536
4 29 4165.252453333411
5 6 911.2502400548381
5 7 2695.022448886094
5 8 1930.265266744444
5 9 1124.0075622521408
5 10 955.1889865361724
5 11 1927.0404770009372
5 12 3128.8286945756554
5 13 3509.5583767762005
5 14 3147.070065950232
5 15 2128.2650210911233
5 16 2144.0825543807778
5 17 3099.4557586776423
5 18 3077.6575508006085
5 19 3520.5025209478263
5 20 4224.940827988009
5 21 5454.667817566896
5 22 4608.481311668736
5 23 4144.954523272843
5 24 3893.443206212208
5 25 4815.907910249115
5 26 4710.051379762221
5 27 4206.0
5 28 4330.183021536157
5 29 3460.292617684233
6 7 1787.5740544100543
6 8 1149.0591803732304
6 9 645.0054263337635
6 10 1259.3573758072012
6 11 1517.1684151734771
6 12 2417.09991518762
6 13 2910.9099951733306
6 14 2862.9224579090505
6 15 2154.546123897096
6 16 2398.066095836393
6 17 3253.5680413970135
6 18 3104.219869790154
6 19 3293.08624241759
6 20 3771.9904559794422
6 21 5051.201837186869
6 22 4323.778093288322
6 23 3955.5021173044515
6 24 3771.794930798863
6 25 4726.980008419752
6 26 4738.362269814329
6 27 4240.5713058501915
6 28 4489.316206283536
6 29 3527.4540393887487
7 8 1322.274555453594
7 9 1958.735561529427
7 10 2845.0188048587656
7 11 2226.6820608250296
7 12 1909.5028148709287
7 13 2598.9586376085326
7 14 3288.1289512426365
7 15 3242.4105230522555
7 16 3697.2130044129185
7 17 4306.884256629147
7 18 3999.2811854131987
7 19 3734.6191238197234
7 20 3655.3578484192217
7 21 4893.390337996755
7 22 4499.1361393049665
7 23 4364.077222048208
7 24 4328.198932581542
7 25 5234.247319338283
7 26 5447.011107020069
7 27 5004.609275457975
7 28 5425.269855039471
7 29 4422.15343469672
8 9 862.3276639421931
8 10 1700.6545798603547
8 11 908.0864496291089
8 12 1272.7108862581479
8 13 1818.7039341245184
8 14 2100.1947528741234
8 15 1920.817534280651
8 16 2391.0554155016985
8 17 2988.3630970817453
8 18 2696.7128137790273
8 19 2555.7296414135826
8 20 2771.3586920498037
8 21 4061.5938989514943
8 22 3464.0762116327637
8 23 3215.1273691721763
8 24 3120.7088938252477
8 25 4060.6847944650913
8 26 4206.720813175031
8 27 3743.5010351274113
8 28 4129.535203869801
8 29 3124.831035432156
9 10 889.0022497159385
9 11 893.6800322262997
9 12 2005.8125535552917
9 13 2401.7354142369636
9 14 2227.812604327393
9 15 1539.4690643205533
9 16 1852.274547684549
9 17 2650.2288580422637
9 18 2474.0018189160655
9 19 2652.5506592711854
9 20 3188.9321096567733
9 21 4454.594033130292
9 22 3694.557212982362
9 23 3313.174459638369
9 24 3126.7895675916534
9 25 4082.031357057415
9 26 4100.857105532939
9 27 3605.292359851001
9 28 3875.846230179933
9 29 2901.0735943784675
10 11 1261.7991123788288
10 12 2645.952569491751
10 13 2868.774302729303
10 14 2281.961437009837
10 15 1181.0207449490463
10 16 1214.3360325708861
10 17 2153.6072065258327
10 18 2123.045454058862
10 19 2619.412147791943
10 20 3432.783273089054
10 21 4610.826064817453
10 22 3715.129338259975
10 23 3221.796082932624
10 24 2954.553434954257
10 25 3866.9431079342244
10 26 3755.223828215836
10 27 3251.0555209039417
10 28 3391.173395743721
10 29 2505.817431498153
11 12 1409.2792484103354
11 13 1616.571990354899
11 14 1348.7153146605847
11 15 1034.1339371667482
11 16 1551.8727396278343
11 17 2080.731842405455
11 18 1794.6567917014106
11 19 1787.6993595121078
11 20 2308.055458605794
11 21 3564.236804703077
11 22 2806.6715162270057
11 23 2454.247135070142
11 24 2303.1771534122163
11 25 3258.387944981383
11 26 3346.006724440344
11 27 2868.924711455496
11 28 3228.93171188243
11 29 2225.1876325379844
12 13 690.0355063328263
12 14 1658.6262387891975
12 15 2260.326746291341
12 16 2831.438680247199
12 17 3039.6126397947487
12 18 2627.8548285626434
12 19 2041.6437005511025
12 20 1747.9370698054322
12 21 2988.4183107456693
12 22 2627.7992693506862
12 23 2591.993248447997
12 24 2644.5016543764914
12 25 3464.697389383379
12 26 3781.398286348583
12 27 3405.6055261876704
12 28 3928.733638209646
12 29 2987.102944325823
13 14 1247.0966281728133
13 15 2191.9562039420402
13 16 2754.176828019581
13 17 2737.8725317297003
13 18 2296.0
13 19 1532.1807987310115
13 20 1058.1233387464808
13 21 2306.6558044060234
13 22 1959.2090240706834
13 23 1994.7651490839717
13 24 2108.0085388821367
13 25 2852.17618670376
13 26 3224.491277705679
13 27 2896.3073041374596
13 28 3462.182115371749
13 29 2592.5518316901594
14 15 1237.5079797722517
14 16 1713.1141234605475
14 17 1499.8946629680365
14 18 1053.3764759097292
14 19 455.548021617919
14 20 1222.2213383835187
14 21 2329.352914437827
14 22 1471.4652561307726
14 23 1118.4605491478007
14 24 1040.1778694050358
14 25 1962.2703687310777
14 26 2168.081640529249
14 27 1757.9334458391763
14 28 2270.2407361335054
14 29 1351.6304968444592
15 16 573.021814593476
15 17 1113.4927031642371
15 18 964.7880596276054
15 19 1489.6476093358456
15 20 2456.952787499182
15 21 3530.4737642418477
15 22 2579.824025006357
15 23 2054.555913086816
15 24 1775.0414079677128
15 25 2687.7196654413196
15 26 2609.7969269657747
15 27 2106.414014385586
15 28 2337.167730395061
15 29 1377.0973095609475
16 17 966.4057119036497
16 18 1067.4989461353111
16 19 1866.2143499609042
16 20 2929.7721754429986
16 21 3909.607780839403
16 22 2907.9150606577214
16 23 2327.063815197168
16 24 1995.557566195473
16 25 2813.595031272269
16 26 2608.8898021955624
16 27 2112.4625440466393
16 28 2186.318595264652
16 29 1370.3302521655135
17 18 449.1347236631788
17 19 1397.929898099329
17 20 2548.658666828495
17 21 3276.769293069013
17 22 2234.687002691876
17 23 1613.994423782189
17 24 1246.2046380911925
17 25 1912.5953570998754
17 26 1648.4398684817108
17 27 1160.1905015987677
17 28 1242.3868157703541
17 29 452.924938593582
18 19 964.2458192805401
18 20 2114.0768670982616
18 21 2917.9151803984983
18 22 1887.5264236561034
18 23 1282.4039925078212
18 24 934.8989250181005
18 25 1761.080634156199
18 26 1645.016717240284
18 27 1141.8949163561417
18 28 1434.3057554092154
18 29 432.4592466348708
19 20 1151.0573400139542
19 21 2049.856824268466
19 22 1096.2198684570537
19 23 667.2705598181295
19 24 605.5229145127375
19 25 1507.4896351219136
19 26 1743.6955009404594
19 27 1370.743593820522
19 28 1930.4375151762877
19 29 1123.1086323236948
20 21 1290.4479842287328
20 22 974.1278150222382
20 23 1245.7098378033304
20 24 1511.1005922836507
20 25 1988.6085587666569
20 26 2474.8917148028922
20 27 2274.4759836058943
20 28 2892.1134140970335
20 29 2245.0167037240503
21 22 1043.226245835485
21 23 1665.0804785354972
21 24 2034.4878962530104
21 25 1860.4784330918753
21 26 2472.578613512622
21 27 2535.138063301484
21 28 3118.32390876894
21 29 2864.4643478318944
22 23 621.8585048063586
22 24 991.2618221237011
22 25 1058.7582349148458
22 26 1614.956346159239
22 27 1555.7814756578123
22 28 2167.6727151486684
22 29 1821.6544677847114
23 24 369.4157549428557
23 25 875.4456008228038
23 26 1249.1853345280676
23 27 1035.2139875407404
23 28 1656.818940017285
23 29 1200.5552881895944
24 25 956.6969217050926
24 26 1138.281160346599
24 27 794.5917190608017
24 28 1393.709080116794
24 29 831.8202930922039
25 26 613.0097878500799
25 27 821.0024360499791
25 28 1301.4038573786386
25 29 1463.4971814117032
26 27 504.47993022517755
26 28 730.6168626578502
26 29 1250.2115820932072
27 28 622.1647691729257
27 29 747.3560061978494
28 29 1004.7188661511238